0	0	0
6	5	122
20	17	246
46	39	370
75	67	494
105	95	618
135	122	743
165	150	867
194	178	991
25	123	1
31	125	122
45	130	246
66	138	370
90	150	494
117	165	619
144	182	743
172	202	867
201	223	991
78	248	5
82	249	124
90	251	247
104	255	371
121	262	495
142	270	619
166	280	743
190	293	867
216	307	991
133	373	10
136	373	126
141	375	248
150	377	371
163	381	495
179	387	619
198	394	743
219	402	867
241	412	991
189	498	19
190	498	130
194	499	250
201	501	372
210	504	496
223	508	620
238	513	744
255	519	868
274	526	992
244	622	31
245	623	134
248	624	252
253	625	374
261	627	497
270	630	621
283	634	744
297	638	868
313	644	992
299	747	47
300	748	140
302	748	255
306	749	376
312	751	498
320	753	622
331	756	745
343	760	869
357	765	993
354	872	63
355	873	147
357	873	259
360	874	378
365	875	500
372	877	623
380	880	746
391	883	870
403	886	993
410	997	79
410	998	155
412	998	263
415	999	381
419	1000	502
425	1001	624
432	1004	747
441	1006	871
451	1009	994
117	5	0
119	9	122
125	22	246
136	44	370
150	70	494
167	97	618
187	124	743
209	152	867
233	179	991
127	125	1
130	127	122
135	131	246
145	140	370
158	152	494
175	166	619
194	184	743
215	203	867
238	224	991
151	249	4
153	249	123
158	252	247
166	256	371
178	262	495
193	271	619
210	281	743
230	294	867
251	308	991
186	373	10
188	374	126
192	375	248
198	378	371
208	382	495
221	387	619
236	394	743
253	403	867
273	412	991
228	498	19
230	498	129
233	499	250
238	501	372
246	504	496
257	508	620
270	513	744
285	519	868
302	526	992
275	623	31
276	623	134
278	624	252
283	625	374
290	627	497
298	630	620
309	634	744
322	639	868
337	644	992
324	748	47
325	748	140
327	749	255
331	750	376
336	751	498
344	754	622
353	757	745
364	760	869
377	765	993
375	873	63
376	873	147
378	873	259
381	874	378
385	876	500
392	878	623
400	880	746
409	883	870
421	887	993
427	998	79
428	998	155
429	998	263
432	999	381
436	1000	502
441	1002	624
448	1004	747
457	1006	871
466	1009	994
238	17	0
239	21	121
242	33	246
247	54	370
255	78	494
265	103	618
277	129	743
292	156	867
309	183	991
243	129	1
244	131	122
247	136	246
252	144	370
259	156	494
269	170	618
282	187	743
296	206	867
313	227	991
255	251	4
257	252	123
259	254	247
264	258	371
271	265	495
281	273	619
292	283	743
306	296	867
322	310	991
277	375	10
278	375	126
280	377	248
285	379	371
291	383	495
300	389	619
311	396	743
324	404	867
339	414	991
305	499	19
306	499	129
308	500	250
312	502	372
318	505	496
326	509	620
336	514	744
348	520	868
362	527	992
340	624	31
341	624	134
343	625	252
346	626	374
352	628	497
359	631	620
367	635	744
378	639	868
391	645	992
380	748	46
380	749	140
382	749	255
385	750	376
390	752	498
396	754	621
404	757	745
413	761	869
425	765	993
423	873	62
423	873	147
425	874	259
428	875	378
432	876	500
437	878	623
444	880	746
453	883	870
463	887	993
468	998	78
469	998	155
470	999	263
473	999	381
476	1000	502
481	1002	624
487	1004	747
495	1007	871
504	1010	994
359	38	0
359	42	121
361	53	246
364	70	370
369	90	494
376	113	618
384	137	743
394	162	867
406	188	991
361	137	0
362	139	122
364	144	246
367	151	370
372	162	494
379	176	618
387	193	743
397	211	867
409	231	991
370	255	3
370	256	123
372	258	246
375	262	370
380	268	495
386	277	619
395	287	743
404	299	867
416	313	991
384	377	9
384	378	125
386	379	248
389	382	371
394	386	495
400	391	619
408	398	743
417	406	867
428	416	991
404	501	18
404	501	129
406	502	249
409	504	372
413	507	496
419	511	620
426	516	744
435	522	868
446	529	992
429	625	30
430	625	134
431	626	252
434	627	374
438	630	497
443	632	620
450	636	744
458	641	868
468	646	992
460	749	45
460	750	140
462	750	255
464	751	376
468	753	498
473	755	621
479	758	745
487	762	869
496	766	993
494	874	62
495	874	147
496	875	259
498	876	378
502	877	500
506	879	623
512	881	746
519	884	870
528	888	993
533	999	78
533	999	155
534	999	263
536	1000	381
539	1001	502
544	1003	624
549	1005	747
555	1007	871
563	1010	994
482	67	0
480	67	120
481	76	245
483	89	370
487	106	494
491	126	618
497	149	743
505	172	867
514	197	991
482	150	0
482	150	121
483	154	246
485	162	370
489	172	494
494	185	618
500	201	743
507	218	867
516	238	991
487	261	2
488	262	122
489	264	246
491	268	370
495	274	494
499	282	619
505	292	743
512	304	867
521	318	991
497	381	8
498	381	125
499	383	247
501	386	371
504	389	495
509	395	619
515	401	743
522	410	867
530	419	991
512	503	17
512	504	128
513	505	249
516	507	372
519	509	496
523	513	620
529	518	744
536	524	868
544	531	992
531	627	29
532	627	133
533	628	252
535	629	374
538	632	497
542	634	620
547	638	744
554	643	868
562	648	992
555	751	44
555	751	139
556	752	255
558	753	376
561	755	498
565	757	621
570	760	745
576	764	869
584	768	993
583	875	61
583	875	146
584	876	258
586	877	378
589	878	500
592	880	623
597	883	746
603	886	870
610	889	993
614	1000	77
615	1000	154
616	1000	263
617	1001	381
620	1002	502
623	1004	624
628	1006	747
633	1008	871
640	1012	994
604	95	0
600	94	120
601	100	245
603	111	369
606	125	494
609	143	618
614	163	742
620	184	867
626	207	991
605	166	0
602	164	120
603	168	245
605	175	370
607	184	494
611	197	618
615	211	743
621	228	867
628	247	991
606	269	0
606	270	122
607	272	246
609	276	370
612	282	494
615	289	618
620	299	743
625	311	867
632	324	991
614	386	6
614	387	124
615	388	247
617	391	371
619	394	495
623	400	619
627	406	743
633	414	867
639	424	991
625	507	15
625	507	128
626	508	249
628	510	372
630	513	496
634	517	619
638	522	743
644	528	868
650	535	992
640	630	27
640	630	133
641	631	251
643	632	373
645	634	497
649	637	620
653	641	744
658	645	868
664	651	992
659	753	43
659	753	139
660	754	254
662	755	375
664	757	498
667	759	621
671	762	745
676	766	869
682	770	993
681	877	60
682	877	146
683	878	258
684	879	378
686	880	500
689	882	623
693	884	746
698	887	870
704	891	993
707	1001	76
708	1001	154
709	1002	263
710	1003	381
712	1004	502
715	1005	624
719	1007	747
723	1010	871
729	1013	994
728	125	0
721	120	119
722	125	244
723	134	369
725	146	494
728	162	618
732	179	742
736	199	867
742	221	991
727	185	0
722	181	119
723	184	245
724	190	369
727	199	494
729	210	618
733	224	742
738	240	867
743	258	991
727	281	0
726	280	121
727	282	245
728	286	370
730	291	494
733	299	618
736	308	743
741	319	867
746	332	991
732	393	4
732	393	123
733	395	247
734	397	371
736	401	495
739	406	619
742	412	743
747	420	867
752	430	991
741	512	13
741	512	127
742	513	248
743	515	372
745	518	495
748	521	619
751	526	743
756	532	867
761	539	992
753	633	25
753	634	132
754	634	251
755	636	373
757	638	496
760	641	620
763	644	744
768	649	868
773	654	992
768	756	41
768	756	138
769	757	254
770	758	375
772	760	498
775	762	621
778	765	745
783	768	869
788	773	993
787	879	58
787	880	145
788	880	258
789	881	377
791	882	499
793	884	622
797	887	746
801	890	869
806	893	993
808	1003	75
809	1003	153
809	1004	262
811	1005	380
812	1006	501
815	1007	624
818	1009	747
822	1012	870
827	1015	994
850	154	0
842	147	118
842	151	244
843	159	369
845	169	493
848	182	618
851	198	742
854	216	866
859	236	991
851	206	0
843	200	118
843	203	244
845	208	369
846	216	494
849	226	618
852	239	742
855	254	867
860	270	991
850	296	0
846	291	120
846	293	245
847	297	369
849	302	494
851	309	618
854	318	742
858	329	867
863	342	991
850	400	1
851	401	122
851	402	246
852	405	370
854	409	494
856	414	619
859	420	743
863	428	867
867	437	991
858	517	10
858	518	126
859	519	248
860	521	371
861	523	495
864	527	619
867	532	743
870	538	867
875	544	991
868	638	22
868	638	131
869	639	250
870	640	373
871	642	496
874	645	620
877	649	744
880	653	868
884	658	992
881	759	38
881	760	137
882	760	253
883	761	375
884	763	498
886	765	621
889	768	745
893	772	868
897	776	992
896	882	56
897	882	144
897	883	257
898	884	377
900	885	499
902	887	622
905	889	746
908	892	869
912	896	993
915	1006	73
915	1006	152
915	1006	262
917	1007	380
918	1008	501
920	1010	624
923	1012	747
926	1014	870
930	1017	994
974	184	0
962	174	116
963	177	243
964	184	368
965	193	493
967	204	618
970	218	742
973	235	866
977	253	991
974	230	0
963	220	117
964	223	244
965	227	369
966	235	493
968	244	618
971	256	742
974	270	866
978	285	991
974	312	0
966	305	118
966	307	244
967	310	369
969	315	494
971	322	618
973	331	742
976	341	867
980	353	991
972	412	0
970	410	121
970	412	245
971	414	370
973	418	494
975	423	618
977	429	743
980	436	867
984	445	991
976	524	7
976	525	124
977	526	247
978	527	371
979	530	495
981	534	619
983	538	743
987	544	867
990	551	991
985	643	19
985	643	129
985	644	250
986	645	372
988	647	496
989	650	620
992	654	744
995	658	868
999	664	992
995	764	35
996	764	136
996	764	253
997	766	374
998	767	497
1000	769	621
1003	772	744
1006	776	868
1009	780	992
1009	886	53
1009	886	143
1009	886	256
1010	887	377
1012	889	499
1013	890	622
1016	893	745
1019	896	869
1022	899	993
1023	1007	71
1023	1007	151
1023	1007	260
1023	1007	378
1023	1007	499
1023	1006	620
1023	1006	741
1023	1006	861
1023	1006	980
