0	0	0
7	1	110
27	5	225
58	11	341
92	21	457
125	34	573
158	50	689
192	67	805
225	84	921
37	124	14
45	124	116
61	126	229
84	128	343
110	132	459
140	137	574
170	144	690
201	151	805
233	160	921
103	250	51
106	250	132
115	251	237
129	252	348
149	254	462
171	256	577
197	260	692
224	264	807
253	268	923
168	375	95
170	376	155
176	376	250
186	377	357
199	378	468
216	380	581
237	382	696
259	384	810
284	387	925
233	501	139
235	501	186
239	502	269
246	502	370
256	503	478
269	504	589
285	506	701
304	507	815
325	510	929
299	627	183
300	627	220
303	627	293
308	628	386
316	628	490
326	629	598
339	630	709
355	632	821
372	633	934
364	753	227
365	753	257
367	753	321
371	753	407
378	754	505
386	755	610
397	755	718
410	756	829
424	758	941
429	879	270
430	879	296
432	879	351
435	879	430
441	879	523
448	880	624
457	881	730
467	882	839
480	883	949
494	1004	314
495	1004	336
497	1005	385
500	1005	457
504	1005	544
510	1006	641
518	1006	744
527	1007	851
538	1008	959
111	6	3
114	7	111
123	11	226
136	17	342
155	27	457
177	40	573
201	56	689
228	71	805
256	87	921
127	126	17
130	127	117
137	128	229
150	131	344
167	135	459
187	140	574
210	146	690
236	153	806
263	162	921
161	251	53
164	251	133
170	252	237
180	253	349
194	255	462
212	257	577
232	261	692
255	265	807
281	269	923
209	376	96
211	376	156
215	377	251
223	378	357
234	379	469
249	380	582
266	382	696
286	385	810
309	388	925
263	502	140
265	502	186
268	502	270
274	503	370
283	504	478
295	505	589
310	506	701
327	508	815
346	510	929
322	627	183
323	627	221
326	628	293
331	628	387
338	629	490
347	630	598
360	631	709
374	632	821
390	634	934
382	753	227
383	753	257
386	753	321
390	754	407
396	754	505
404	755	610
414	756	719
426	757	829
440	758	941
444	879	271
445	879	296
447	879	352
450	879	431
455	880	524
462	880	625
471	881	730
481	882	839
493	883	950
507	1005	315
508	1005	336
510	1005	385
512	1005	457
517	1005	545
523	1006	642
530	1006	744
539	1007	851
549	1008	959
228	22	10
229	23	114
233	27	228
241	33	343
251	42	458
265	54	574
281	67	689
300	81	805
321	96	921
236	133	25
237	133	121
241	134	231
248	137	345
258	140	460
271	145	575
287	151	690
306	158	806
327	166	922
255	254	59
257	254	136
260	255	239
267	256	350
276	258	463
288	260	577
303	264	692
320	268	808
340	272	923
286	378	100
287	378	159
291	379	252
296	379	358
304	381	469
315	382	582
329	384	696
345	387	811
363	390	926
326	503	142
328	503	188
330	503	271
335	504	371
342	505	478
352	506	589
364	507	702
378	509	815
394	511	929
374	628	185
375	628	222
377	629	294
381	629	388
387	630	491
395	631	599
406	632	709
418	633	822
433	635	935
426	754	229
427	754	259
429	754	322
432	754	408
437	755	506
444	756	611
453	756	719
464	758	830
477	759	941
481	879	272
482	880	298
483	880	353
487	880	431
491	880	524
497	881	625
505	882	731
515	882	839
526	884	950
539	1005	316
539	1005	337
541	1005	386
543	1006	458
547	1006	545
553	1006	642
560	1007	745
568	1008	851
578	1009	960
344	49	23
346	50	120
348	53	231
353	58	345
359	65	459
368	75	575
380	85	690
393	97	806
409	110	922
350	143	38
351	143	126
353	145	234
358	147	346
364	150	461
373	155	576
384	160	691
397	167	807
413	175	922
362	259	69
363	259	141
365	260	242
370	261	351
376	263	464
385	266	578
395	269	693
408	273	808
423	277	924
383	381	106
384	382	163
386	382	255
390	383	360
396	384	471
404	385	583
414	388	697
427	390	811
441	393	926
413	505	147
413	506	192
416	506	273
419	506	373
425	507	480
432	508	590
441	510	702
453	512	816
466	514	930
449	630	189
450	630	225
452	630	297
455	631	389
460	632	492
467	632	600
475	633	710
486	635	822
498	636	935
492	755	232
492	755	261
494	756	324
497	756	409
502	756	507
508	757	612
515	758	720
524	759	830
535	760	942
539	881	275
540	881	300
541	881	354
544	881	433
548	882	525
553	882	626
560	883	731
568	884	840
578	885	950
590	1006	318
590	1006	339
592	1006	388
594	1006	459
597	1007	546
602	1007	643
608	1008	745
616	1009	852
625	1010	960
461	79	43
462	80	128
464	82	235
467	86	347
472	92	461
478	99	576
486	107	691
496	117	807
508	128	922
465	157	56
466	158	134
467	159	238
470	161	349
475	164	463
482	168	577
490	173	692
500	180	807
511	187	923
474	267	82
474	267	148
476	268	246
479	269	354
484	271	466
490	273	580
498	276	694
508	280	809
519	284	924
489	386	116
490	387	169
491	387	259
494	388	363
499	389	472
505	390	585
513	392	698
522	395	812
533	398	927
511	509	154
512	509	197
514	509	277
516	510	375
521	511	481
526	512	592
534	513	704
543	515	817
553	517	931
540	633	194
540	633	230
542	633	300
545	634	392
549	634	494
554	635	601
561	636	711
569	637	823
579	639	936
574	757	236
575	757	265
576	758	327
579	758	412
582	758	509
587	759	613
594	760	721
601	761	831
611	762	943
614	882	278
614	882	303
615	883	357
618	883	435
621	883	527
626	884	627
631	884	732
639	885	841
647	886	951
657	1008	321
658	1008	342
659	1008	390
661	1008	461
664	1008	548
668	1009	644
674	1009	746
680	1010	852
688	1011	961
578	110	66
579	111	139
580	112	241
582	115	351
586	119	464
591	125	578
597	132	693
605	140	808
614	149	923
581	175	75
581	176	144
583	177	244
585	178	353
589	181	465
594	185	579
600	190	694
608	195	809
617	202	924
587	277	97
588	278	157
589	278	251
592	279	358
595	281	469
600	283	582
606	286	696
614	290	810
623	294	925
599	393	127
600	393	177
601	394	264
603	394	366
607	396	475
612	397	586
618	399	700
625	401	813
634	404	928
617	514	163
617	514	204
618	514	282
621	515	378
624	515	484
629	517	593
634	518	705
642	520	818
650	522	932
639	636	201
640	637	235
641	637	304
643	637	395
646	638	496
651	639	603
656	640	713
663	641	824
671	643	937
667	760	242
668	760	270
669	761	331
671	761	414
674	761	511
678	762	615
683	763	722
690	764	832
698	765	944
700	885	283
701	885	307
702	885	361
704	885	438
706	886	529
710	886	629
715	887	734
722	888	842
729	889	952
737	1010	325
738	1010	346
739	1010	393
741	1010	464
743	1010	550
747	1011	646
752	1011	748
757	1012	854
764	1013	962
695	141	88
695	141	151
696	142	248
698	145	356
701	148	467
705	153	581
710	158	695
716	165	810
724	173	925
697	196	96
697	196	156
698	197	251
700	199	357
703	201	469
707	204	582
712	209	696
718	214	810
726	220	925
702	290	114
703	290	168
704	291	258
706	292	362
709	294	472
712	296	584
717	298	698
723	302	812
731	306	927
712	402	141
712	402	187
713	402	270
715	403	371
718	404	478
722	405	589
727	407	702
733	410	815
740	413	929
726	520	174
726	520	213
727	520	288
729	521	383
732	522	487
735	523	596
740	524	707
746	526	820
753	528	933
744	641	210
745	641	243
746	641	310
747	642	399
750	642	499
754	643	605
758	644	715
764	646	826
771	647	938
767	764	249
768	764	276
769	764	336
770	765	418
773	765	514
776	766	617
781	767	724
786	768	834
793	769	945
795	888	289
795	888	313
796	888	365
798	888	441
800	889	532
804	889	631
808	890	736
813	891	844
819	892	953
827	1012	330
827	1012	350
828	1012	397
830	1012	467
832	1013	553
835	1013	648
839	1014	750
844	1015	855
850	1015	963
812	171	110
812	172	166
813	173	256
814	175	361
817	177	471
820	181	584
824	186	697
829	192	812
835	198	926
813	218	117
814	219	170
815	219	259
816	221	363
818	223	473
822	226	585
826	230	698
831	234	812
837	240	927
818	305	132
818	305	181
819	306	266
820	307	368
823	308	476
826	310	587
830	313	700
835	316	814
841	320	928
825	412	156
826	412	199
827	412	278
828	413	376
831	414	482
834	416	592
838	417	704
843	420	817
849	422	931
837	527	186
837	527	223
838	528	295
840	528	388
842	529	491
845	530	599
849	531	709
854	533	822
860	535	935
853	647	220
853	647	252
854	647	316
855	648	404
857	648	503
860	649	608
864	650	717
869	651	828
875	653	940
872	769	257
872	769	284
873	769	342
875	769	423
877	770	518
880	770	620
883	771	726
888	772	836
894	773	947
896	892	296
896	892	319
897	892	371
898	892	446
900	892	535
903	893	634
907	894	738
911	895	845
916	896	955
923	1015	336
923	1015	356
924	1015	402
925	1016	471
927	1016	556
930	1016	651
933	1017	752
938	1018	857
943	1019	965
928	202	133
929	202	181
929	203	266
931	205	368
933	207	476
935	210	587
939	214	700
943	219	814
948	225	928
930	243	138
930	243	185
931	244	269
932	245	370
934	247	477
937	249	588
940	253	701
945	257	815
950	262	929
934	322	152
934	322	195
935	323	276
936	324	374
938	325	481
940	327	591
944	329	703
948	333	816
953	336	930
940	424	173
940	424	212
941	424	287
942	425	382
944	426	487
947	427	596
950	429	707
955	431	820
960	434	933
950	536	200
950	536	234
951	537	303
952	537	394
954	538	496
957	539	602
960	540	712
964	542	824
969	544	937
963	654	232
963	654	262
964	654	324
965	654	410
967	655	507
970	656	612
973	657	720
977	658	830
982	660	942
980	774	267
980	774	293
981	774	349
982	775	429
984	775	522
986	776	623
989	777	729
993	778	838
998	779	949
1000	896	305
1000	896	327
1001	896	377
1002	897	451
1004	897	540
1006	897	637
1009	898	741
1013	899	848
1018	900	957
1023	1019	343
1023	1018	363
1023	1018	407
1023	1017	475
1023	1015	557
1023	1014	650
1023	1011	747
1023	1008	848
1023	1005	950
