0	0	0
8	2	116
29	5	237
63	12	357
98	23	478
132	38	598
167	55	719
202	72	839
236	89	960
4	126	3
13	127	117
34	129	237
66	131	358
100	135	478
134	141	598
168	148	719
203	156	839
237	165	960
16	254	10
24	254	121
45	255	239
74	256	358
105	258	479
138	261	599
172	265	719
206	269	839
240	274	960
36	381	23
44	382	126
62	382	241
86	383	360
115	384	480
146	386	600
178	388	720
211	391	840
244	394	960
63	509	42
69	509	134
82	509	245
103	510	363
128	511	481
156	512	601
186	514	721
218	516	841
250	518	961
90	637	64
94	637	143
105	637	251
122	637	366
144	638	484
170	639	603
198	640	722
227	642	842
258	643	962
117	764	86
120	764	155
129	764	257
143	765	370
162	765	487
185	766	605
211	767	724
239	768	844
268	769	963
144	892	108
147	892	169
154	892	265
166	892	375
183	893	491
203	893	608
227	894	726
253	895	845
281	896	965
171	1019	130
173	1019	184
179	1019	275
190	1020	382
204	1020	495
223	1020	611
244	1021	729
268	1022	848
294	1023	967
125	0	0
128	1	116
137	5	237
150	12	357
168	23	478
191	37	598
216	55	719
243	72	839
272	89	960
127	126	3
130	127	117
138	128	237
152	131	358
170	135	478
192	141	598
217	148	719
244	156	839
273	165	960
131	254	10
135	254	121
142	255	239
155	256	358
173	258	479
195	261	599
219	265	719
246	269	839
275	274	960
139	381	23
142	382	126
150	382	241
162	383	360
179	384	480
200	386	600
224	388	720
250	391	840
278	394	960
150	509	42
153	509	134
160	509	245
172	510	363
188	511	481
208	512	601
231	514	721
256	516	841
284	518	961
164	637	64
167	637	143
173	637	251
184	637	366
199	638	484
218	639	603
240	640	722
264	642	842
291	643	962
180	764	86
183	764	155
188	764	257
198	765	370
212	765	487
230	766	605
251	767	724
274	768	844
300	769	963
199	892	108
201	892	169
206	892	265
215	892	375
228	893	491
244	893	608
264	894	726
286	895	845
310	896	965
219	1019	130
220	1019	184
225	1019	275
233	1020	382
245	1020	495
260	1020	611
279	1021	729
300	1022	848
323	1023	967
253	0	1
253	1	116
257	5	237
264	12	357
275	22	478
288	37	598
304	54	719
323	72	839
345	89	960
252	126	3
254	127	117
258	128	237
265	131	358
275	135	478
289	141	598
305	147	719
324	155	839
345	164	960
255	254	10
256	254	121
260	255	239
267	256	358
277	258	479
291	261	599
307	264	719
326	269	839
347	274	960
259	381	23
260	382	126
264	382	241
271	383	360
281	384	480
294	386	600
310	388	720
329	391	840
350	394	960
264	509	42
266	509	134
270	509	245
276	510	363
286	511	481
299	512	601
315	514	721
333	516	841
354	518	961
272	637	64
274	637	143
277	637	251
284	637	366
293	638	484
306	639	603
321	640	722
339	642	842
359	643	962
282	764	86
283	764	155
287	764	257
293	765	370
302	765	487
314	766	605
329	767	724
346	768	844
366	769	963
293	892	108
295	892	169
298	892	265
304	892	375
313	893	491
324	893	608
339	894	726
355	895	845
375	896	965
306	1019	130
308	1019	184
311	1019	275
317	1020	382
325	1020	495
336	1020	611
350	1021	729
366	1022	848
384	1023	967
379	0	1
379	0	116
382	4	237
386	11	357
393	22	478
402	36	598
413	53	719
426	71	839
442	88	960
379	126	3
380	126	117
382	128	237
387	131	358
393	135	478
402	140	598
413	147	719
427	155	839
442	164	960
380	254	10
381	254	121
384	255	239
388	256	358
395	258	479
403	261	599
415	264	719
428	269	839
443	274	960
383	381	23
384	381	126
386	382	241
390	383	360
397	384	480
406	386	600
417	388	720
430	391	840
445	394	960
386	509	42
387	509	134
390	509	245
394	510	363
400	511	481
409	512	601
420	514	721
433	516	841
448	518	961
391	636	64
392	637	143
395	637	251
399	637	366
405	638	484
414	639	603
425	640	722
437	641	842
452	643	962
397	764	86
398	764	155
401	764	257
405	765	370
411	765	487
420	766	605
430	767	724
443	768	844
458	769	963
405	892	108
406	892	169
408	892	265
413	892	375
419	893	491
427	893	608
437	894	726
450	895	845
464	896	965
414	1019	130
415	1019	184
417	1019	275
421	1020	382
427	1020	495
435	1020	611
445	1021	729
458	1022	848
472	1023	967
508	0	3
506	0	117
507	3	237
510	10	357
515	20	478
521	35	598
530	52	719
539	70	839
551	88	960
505	125	3
506	126	117
508	127	237
511	130	358
515	134	478
522	140	598
530	147	719
540	155	839
551	164	960
506	253	10
507	254	121
509	254	239
512	256	358
516	258	479
523	261	599
531	264	719
541	268	839
552	274	960
508	381	23
508	381	126
510	382	241
513	383	360
518	384	480
524	386	600
532	388	720
542	391	840
554	394	960
510	509	42
511	509	134
513	509	245
516	510	363
521	511	481
527	512	601
535	513	721
545	515	841
556	518	961
514	636	64
515	636	143
516	637	251
519	637	366
524	638	484
530	639	603
538	640	722
548	641	842
559	643	962
518	764	86
519	764	155
521	764	257
524	765	370
528	765	487
535	766	605
542	767	724
552	768	844
563	769	963
524	892	108
525	892	169
526	892	265
529	892	375
534	892	491
540	893	608
548	894	726
557	895	845
568	896	965
531	1019	131
531	1019	184
533	1019	275
536	1020	382
540	1020	495
546	1020	611
554	1021	729
563	1022	848
574	1023	967
635	0	4
635	0	119
633	1	237
636	8	357
639	19	478
644	33	598
650	51	719
658	69	839
667	87	960
632	125	3
632	125	118
633	127	237
636	130	358
639	134	478
644	139	598
650	146	719
658	154	839
667	163	960
632	253	10
633	253	121
634	254	239
637	255	358
640	257	479
645	260	599
651	264	719
659	268	839
668	273	960
634	381	23
634	381	126
635	382	241
638	382	360
641	384	480
646	385	600
652	388	720
660	390	840
669	394	960
636	509	42
636	509	134
637	509	245
640	510	363
643	511	481
648	512	601
654	513	721
662	515	841
671	518	961
638	636	64
639	636	143
640	637	251
642	637	366
646	638	484
651	639	603
657	640	722
664	641	842
673	643	962
642	764	86
642	764	155
644	764	257
646	765	370
649	765	487
654	766	605
660	767	724
668	768	844
677	769	963
646	891	108
646	892	169
648	892	265
650	892	376
654	892	491
658	893	608
664	894	726
672	895	845
680	896	965
651	1019	131
651	1019	184
653	1019	275
655	1019	382
658	1020	495
663	1020	611
669	1021	729
676	1022	848
685	1023	967
765	0	7
763	0	121
760	0	238
761	6	357
764	16	478
768	31	598
773	49	719
779	67	839
786	85	960
758	124	3
759	124	118
760	126	237
761	129	358
764	133	478
768	138	598
773	145	719
779	153	839
787	163	960
759	253	10
759	253	121
760	254	239
762	255	358
765	257	479
769	260	599
774	263	719
780	268	840
787	273	960
760	381	23
760	381	126
761	381	241
763	382	360
766	383	480
770	385	600
775	387	720
781	390	840
788	393	960
761	508	42
762	509	134
763	509	245
765	509	363
767	510	481
771	512	601
776	513	721
782	515	841
790	517	961
763	636	64
764	636	144
765	636	251
767	637	366
770	638	484
773	639	603
778	640	722
784	641	842
792	643	962
766	764	86
767	764	155
768	764	257
769	764	370
772	765	487
776	766	605
781	767	724
787	768	844
794	769	963
769	891	108
770	891	169
771	892	265
773	892	376
776	892	491
779	893	608
784	894	726
790	895	845
797	896	965
774	1019	131
774	1019	184
775	1019	275
777	1019	382
780	1020	495
783	1020	611
788	1021	729
794	1022	848
801	1023	967
893	0	9
893	0	124
890	0	241
887	3	357
890	14	478
893	28	598
897	47	719
902	65	839
908	84	960
885	122	3
885	123	118
886	125	237
887	128	358
890	132	478
893	137	598
897	144	719
902	152	839
908	162	960
885	252	10
885	252	121
886	253	239
888	254	359
890	257	479
893	259	599
897	263	719
902	267	840
908	272	960
886	380	23
886	380	126
887	381	242
889	382	360
891	383	480
894	385	600
898	387	720
903	390	840
909	393	960
887	508	42
888	508	134
888	509	245
890	509	363
892	510	481
895	511	601
899	513	721
905	515	841
911	517	961
889	636	64
889	636	144
890	636	251
892	637	366
894	637	484
897	638	603
901	640	722
906	641	842
912	643	962
891	764	86
892	764	155
892	764	257
894	764	370
896	765	487
899	766	605
903	766	724
908	768	844
914	769	963
894	891	109
894	891	169
895	891	265
897	892	376
899	892	491
902	893	608
906	894	726
911	895	845
917	896	965
897	1019	131
898	1019	184
898	1019	275
900	1019	382
902	1020	495
905	1020	611
909	1021	729
914	1022	848
920	1023	967
1023	0	13
1022	0	127
1019	0	244
1013	0	357
1015	10	478
1018	25	598
1021	43	719
1023	63	837
1023	81	952
1011	121	3
1012	122	118
1012	123	237
1014	126	358
1015	130	478
1018	136	598
1022	143	719
1023	151	837
1023	159	952
1012	251	10
1012	252	121
1013	252	239
1014	254	359
1016	256	479
1019	259	599
1022	262	719
1023	266	837
1023	270	952
1012	380	23
1013	380	126
1013	381	242
1015	381	360
1017	383	480
1019	384	600
1023	387	720
1023	388	837
1023	389	952
1013	508	42
1014	508	134
1014	508	245
1016	509	363
1018	510	481
1020	511	601
1023	512	720
1023	512	837
1023	512	952
1015	636	64
1015	636	144
1016	636	251
1017	637	366
1019	637	484
1022	638	603
1023	638	721
1023	637	837
1023	635	951
1017	763	86
1017	764	155
1018	764	257
1019	764	370
1021	765	487
1023	765	605
1023	763	721
1023	761	837
1023	759	951
1019	891	109
1019	891	169
1020	891	265
1021	892	376
1023	892	491
1023	890	606
1023	888	722
1023	885	837
1023	882	950
1022	1019	131
1022	1019	184
1023	1019	275
1023	1018	381
1023	1017	494
1023	1014	608
1023	1012	723
1023	1008	837
1023	1005	950
