0	0	0
5	4	115
18	16	234
42	36	354
70	62	473
99	89	593
128	116	712
156	142	832
185	169	951
52	121	14
57	122	121
67	127	237
82	135	356
101	146	474
124	160	594
148	177	713
173	195	832
199	215	951
128	244	49
130	245	135
136	247	245
144	251	360
156	257	478
172	265	596
190	275	715
210	286	834
231	300	953
204	368	92
206	368	158
209	370	257
214	372	368
223	376	483
233	381	600
246	387	718
262	395	837
279	404	955
280	491	135
281	492	186
283	493	275
287	494	380
293	497	492
301	501	607
311	505	723
323	511	841
336	518	959
356	615	178
357	615	219
358	616	297
361	617	395
366	619	503
372	622	616
380	625	730
389	630	847
400	635	964
432	738	222
433	739	255
434	739	323
436	740	414
440	742	517
445	744	627
451	747	739
459	750	854
468	754	970
508	862	265
508	862	293
509	863	353
511	863	437
514	865	535
518	867	640
524	869	750
530	872	863
537	875	977
584	986	308
584	986	332
585	986	385
587	987	462
589	988	554
593	989	656
597	991	763
602	994	874
609	996	987
104	10	3
106	14	116
112	25	235
123	45	354
137	69	473
154	94	593
174	120	712
196	146	832
219	172	951
127	125	17
130	127	122
135	131	238
143	139	356
156	150	475
171	163	594
189	179	713
209	197	832
231	217	952
174	246	51
176	247	136
180	249	245
186	253	360
196	259	478
208	267	596
223	276	715
240	288	834
259	301	953
235	369	94
236	370	159
239	371	258
244	373	369
251	377	484
260	382	601
272	388	718
286	396	837
301	405	955
303	492	136
303	493	187
306	494	275
309	495	380
315	498	492
322	501	607
331	506	724
342	512	841
355	518	959
373	616	179
374	616	220
375	617	297
378	618	396
383	620	503
388	623	616
396	626	730
405	630	847
415	635	964
446	739	222
446	739	255
447	740	324
450	741	415
453	742	518
458	744	627
464	747	739
471	751	854
480	755	970
519	862	265
520	863	293
521	863	353
523	864	437
525	865	535
529	867	640
534	869	750
541	872	863
548	875	978
593	986	309
594	986	332
595	986	385
596	987	462
599	988	554
602	990	656
606	992	763
611	994	874
618	997	987
215	35	10
216	39	119
220	49	236
225	65	355
233	85	474
243	107	593
255	130	713
270	154	832
287	179	951
227	135	24
229	136	125
231	140	239
237	148	357
244	158	475
254	171	594
266	186	713
280	204	833
296	223	952
256	251	57
257	252	139
259	254	247
264	258	361
270	264	479
279	271	597
290	281	715
302	292	834
317	305	953
299	372	97
300	373	161
302	374	259
306	376	369
311	380	484
319	385	601
328	391	719
339	399	837
352	408	956
353	494	139
353	495	189
355	496	277
358	497	381
363	500	493
369	504	608
377	508	724
386	514	841
397	520	959
413	617	181
414	617	221
415	618	299
418	619	397
422	621	504
427	624	616
433	628	731
441	632	847
451	637	964
479	740	224
479	740	257
480	741	325
482	742	416
486	744	518
490	746	627
495	749	740
502	752	854
510	756	970
547	863	267
547	864	294
548	864	354
550	865	438
553	866	535
556	868	641
561	870	751
567	873	863
574	876	978
617	987	310
617	987	333
618	987	386
619	988	463
622	989	555
625	991	657
629	992	764
634	995	874
640	998	987
327	71	23
328	74	125
330	81	239
333	93	357
338	108	475
345	126	594
353	147	713
363	169	833
375	192	952
335	151	37
335	152	130
337	156	242
340	162	359
345	172	477
352	184	595
360	198	714
370	215	833
382	233	952
353	260	67
354	261	144
356	263	249
359	266	363
363	272	480
370	279	598
377	288	716
387	299	835
398	312	954
384	378	104
385	378	165
386	379	262
389	382	371
393	385	486
399	390	602
406	397	719
415	404	838
425	413	956
425	498	144
426	499	193
427	500	279
430	501	383
433	504	494
438	507	608
445	512	725
453	517	842
462	524	960
475	620	185
476	620	224
477	621	301
479	622	398
482	624	505
487	627	617
492	630	732
499	635	848
507	640	964
531	743	227
532	743	259
533	743	327
535	744	417
537	746	519
541	748	628
546	751	740
552	754	855
559	758	971
592	865	269
592	866	296
593	866	356
595	867	439
597	868	536
601	870	642
605	872	751
610	875	864
616	878	978
656	988	312
656	989	335
657	989	387
658	990	464
661	991	556
664	992	657
667	994	764
672	996	875
677	999	987
439	109	43
439	111	133
440	116	243
443	124	359
446	136	477
451	151	596
457	169	714
465	188	833
474	209	953
444	172	55
445	173	138
446	177	246
448	182	361
452	191	478
456	201	597
462	215	715
470	230	834
478	247	953
457	272	80
458	273	151
459	275	253
461	278	366
465	284	482
469	291	599
475	299	717
482	310	836
491	322	954
480	386	114
481	386	171
482	387	265
484	390	374
487	393	487
492	398	603
497	404	721
504	412	838
512	420	957
512	504	151
513	504	198
514	505	282
516	507	385
519	509	496
523	513	610
528	517	726
534	523	843
542	529	960
553	624	190
553	625	229
554	625	304
556	627	400
559	629	507
562	631	618
567	635	733
573	639	848
579	644	965
600	746	231
600	746	263
601	747	330
603	748	419
605	749	521
608	751	629
613	754	742
618	758	856
624	762	971
653	868	273
653	868	300
654	869	358
655	870	441
657	871	538
660	873	643
664	875	752
669	878	865
674	881	979
710	991	315
710	991	338
711	991	390
712	992	466
714	993	557
717	995	659
720	996	765
724	999	876
729	1002	988
550	146	66
551	147	143
552	151	249
553	158	363
556	168	480
560	180	597
564	195	716
570	211	835
577	230	954
554	198	75
555	199	148
556	202	252
557	207	365
560	214	481
564	223	598
568	235	717
574	249	835
581	264	954
565	288	96
565	289	160
566	291	258
568	294	369
570	299	484
574	305	601
578	314	719
584	324	837
591	335	955
582	396	125
583	397	179
584	398	270
585	400	377
588	404	490
591	408	605
596	414	722
601	421	840
607	430	958
608	512	160
608	512	205
609	513	287
611	515	388
613	517	498
616	521	612
620	525	727
625	530	844
632	537	961
641	630	198
641	631	235
642	631	308
643	633	403
646	635	509
649	637	620
652	641	734
657	645	850
663	650	966
680	751	237
681	751	268
681	751	333
683	753	422
685	754	523
688	756	631
691	759	743
696	762	857
701	766	972
726	872	278
726	872	304
727	873	362
728	874	444
730	875	540
732	877	645
736	879	754
740	882	866
745	885	980
776	994	319
776	994	342
777	995	393
778	995	468
780	996	560
782	998	660
785	1000	767
789	1002	877
794	1005	989
662	183	88
662	184	155
663	187	256
664	193	367
667	201	483
669	211	600
673	223	718
678	238	836
683	254	955
665	226	96
665	227	160
666	229	258
668	234	369
670	240	484
673	249	601
676	259	719
681	271	837
686	285	955
673	307	113
674	308	171
674	310	265
676	313	373
678	317	487
681	324	603
684	331	720
689	341	838
694	352	957
688	410	139
688	410	189
689	411	277
690	414	381
692	417	493
695	421	608
698	427	724
703	434	841
708	442	959
708	521	171
709	522	213
709	523	293
711	524	393
713	527	501
715	530	614
719	534	729
723	540	845
728	546	963
736	638	207
736	638	242
737	639	314
738	640	407
740	642	512
742	645	623
745	648	736
749	652	851
754	657	967
769	757	244
769	757	275
770	758	338
771	759	426
773	760	526
775	762	633
778	765	745
782	768	858
787	772	974
808	877	284
808	877	310
809	878	366
810	878	447
812	880	543
814	881	647
817	884	756
820	886	867
825	890	981
852	998	324
853	998	346
853	999	397
854	999	472
856	1000	562
858	1002	662
861	1004	768
864	1006	878
868	1009	990
774	220	111
774	221	169
775	224	264
776	228	373
777	235	487
780	244	603
783	254	720
787	267	838
791	281	957
776	256	117
776	257	173
777	259	267
778	263	375
780	269	488
782	276	604
785	286	721
789	297	839
794	309	957
783	329	132
783	330	184
784	332	273
785	334	379
787	339	491
789	344	606
792	352	723
796	360	840
800	371	958
795	426	155
795	426	201
796	427	284
797	429	386
798	432	497
801	437	610
804	442	726
807	449	843
812	457	961
812	533	184
812	534	223
813	535	300
814	536	398
816	539	505
818	542	617
821	546	731
824	551	847
828	557	964
835	647	217
835	647	251
836	648	320
837	649	412
838	651	516
841	654	625
843	657	738
847	661	853
851	666	969
864	764	253
864	764	282
864	765	344
865	766	430
867	767	530
869	769	636
872	772	747
875	775	860
879	779	975
897	883	291
898	883	316
898	884	372
899	885	452
900	886	546
902	888	649
905	890	758
908	892	869
912	896	983
936	1003	330
936	1003	352
937	1004	402
938	1005	476
939	1006	565
941	1007	665
943	1009	771
946	1011	880
950	1014	992
885	258	133
885	258	185
886	261	274
887	264	379
888	270	491
890	277	606
893	287	723
896	298	841
900	310	959
887	289	138
888	289	189
888	291	276
889	294	381
891	299	493
893	306	607
895	314	724
898	324	841
902	336	959
893	354	151
893	354	198
894	356	282
895	359	385
896	362	496
898	368	610
901	374	726
904	382	843
908	392	960
903	444	171
903	444	214
904	445	293
905	447	393
906	450	501
908	454	614
911	460	729
914	466	845
917	473	963
918	547	198
918	548	235
918	548	308
919	550	404
921	552	509
923	555	620
925	559	734
928	564	850
932	570	966
937	658	229
938	658	261
938	659	328
939	660	418
940	662	520
942	665	629
945	668	741
947	672	855
951	676	971
962	773	263
962	773	291
963	774	352
964	775	436
965	776	534
967	778	640
969	781	750
972	784	863
975	788	977
992	890	300
992	891	324
992	891	378
993	892	457
994	893	550
996	895	653
998	897	760
1001	900	872
1004	903	985
1023	1007	337
1023	1007	358
1023	1007	407
1023	1007	479
1023	1007	566
1023	1006	664
1023	1006	766
1023	1006	872
1023	1006	980
