0	0	0
6	2	121
22	7	245
51	16	369
82	30	493
113	48	617
144	68	741
175	87	866
206	106	990
13	125	1
20	126	122
36	128	246
61	131	370
89	137	494
119	144	618
149	152	742
179	162	866
209	173	990
47	251	5
53	252	124
65	253	246
84	255	370
107	257	494
133	261	618
160	265	742
188	271	866
217	277	990
89	378	12
93	378	126
101	379	248
115	380	371
133	381	494
155	384	618
179	387	742
204	390	866
231	394	990
132	504	22
134	505	131
140	505	250
151	506	372
165	507	495
183	508	619
203	511	743
226	513	866
250	516	990
174	631	36
176	631	136
181	631	253
189	632	374
200	633	497
215	634	620
232	636	743
252	637	867
274	640	991
217	757	53
218	757	143
222	758	256
228	758	376
238	759	498
250	760	621
265	761	744
282	763	868
301	764	992
259	884	71
261	884	151
264	884	261
269	885	379
277	885	500
287	886	623
300	887	745
315	888	869
332	890	992
302	1010	88
303	1010	160
305	1011	266
310	1011	382
317	1011	502
325	1012	624
336	1013	747
350	1014	870
365	1015	993
122	2	0
125	4	121
131	9	245
142	18	369
157	32	493
176	50	617
197	69	741
220	88	866
245	107	990
127	126	1
130	126	122
136	129	246
147	132	370
161	137	494
179	144	618
200	153	742
223	163	866
248	174	990
141	252	5
143	252	124
149	253	246
158	255	370
172	258	494
189	261	618
209	266	742
231	271	866
255	278	990
161	378	12
163	378	126
168	379	248
177	380	371
189	382	494
205	384	618
223	387	742
244	390	866
266	395	990
188	505	22
190	505	130
194	505	250
202	506	372
212	507	495
226	509	619
243	511	743
262	513	866
282	516	990
220	631	36
221	631	136
225	631	253
231	632	374
240	633	497
252	634	620
267	636	743
284	638	867
303	640	991
254	757	53
255	758	143
258	758	256
264	758	376
272	759	498
282	760	621
295	761	744
311	763	868
328	765	992
291	884	70
292	884	151
294	884	261
299	885	379
306	885	500
315	886	623
326	887	745
340	888	869
356	890	992
328	1010	88
329	1011	160
332	1011	266
336	1011	382
342	1011	502
350	1012	624
360	1013	747
372	1014	870
386	1015	993
246	7	0
248	9	121
251	14	245
257	23	369
265	37	493
276	54	617
289	72	741
305	91	866
322	109	990
249	128	1
250	128	122
254	130	246
259	134	370
267	139	494
278	146	618
291	155	742
307	164	866
324	175	990
256	253	5
257	253	123
260	254	246
265	256	370
273	258	494
284	262	618
297	267	742
312	272	866
329	279	990
267	379	12
268	379	126
271	380	248
276	381	371
284	382	494
294	385	618
306	387	742
321	391	866
338	395	990
284	505	22
285	505	130
287	506	250
292	506	372
299	507	495
309	509	619
320	511	743
334	514	866
350	517	990
304	631	36
305	631	136
308	632	253
312	632	374
319	633	497
328	634	620
338	636	743
352	638	867
367	640	991
329	758	53
330	758	143
332	758	256
336	759	376
342	759	498
350	760	621
360	761	744
372	763	868
386	765	991
357	884	70
357	884	151
359	884	260
363	885	379
369	885	500
376	886	623
385	887	745
397	888	869
410	890	992
387	1011	87
388	1011	160
390	1011	266
393	1011	382
398	1012	502
405	1012	624
413	1013	747
424	1014	870
436	1015	993
371	16	0
372	18	121
374	23	245
377	32	369
382	45	493
390	61	617
398	78	741
409	95	866
422	113	990
373	131	1
373	132	122
375	134	246
379	137	370
384	142	494
391	149	618
400	157	742
411	167	866
423	178	990
377	254	5
378	255	123
379	256	246
383	258	370
388	260	494
395	264	618
404	268	742
414	274	866
427	280	990
384	380	12
385	380	126
387	381	248
390	382	371
395	383	494
402	386	618
411	388	742
421	392	866
433	396	990
395	506	22
396	506	130
397	506	250
401	507	372
406	508	495
412	510	619
421	512	743
431	514	866
442	517	990
409	632	36
410	632	136
412	632	253
415	633	374
419	634	497
426	635	620
434	637	743
443	638	867
455	641	991
427	758	53
427	758	143
429	759	256
432	759	376
436	760	498
442	761	621
450	762	744
459	763	868
470	765	991
447	885	70
448	885	151
449	885	260
452	885	379
456	886	500
462	887	622
469	888	745
478	889	869
489	890	992
471	1011	87
471	1011	160
473	1011	266
475	1011	382
479	1012	502
485	1013	624
492	1013	747
500	1014	870
510	1016	993
496	30	0
496	31	121
497	36	245
500	45	369
504	57	493
509	71	617
515	86	741
523	102	865
532	119	990
497	136	1
497	137	122
498	139	245
501	142	369
505	147	493
510	154	618
516	162	742
524	171	866
533	182	990
499	257	4
500	257	123
501	258	246
504	260	370
508	263	494
513	266	618
519	271	742
527	276	866
536	282	990
505	381	11
505	382	126
507	382	248
509	383	371
513	385	494
518	387	618
524	390	742
532	394	866
541	398	990
512	507	22
513	507	130
514	507	250
517	508	372
520	509	495
525	511	619
531	513	743
539	515	866
548	518	990
523	633	36
523	633	136
525	633	252
527	634	374
530	635	497
535	636	620
541	637	743
549	639	867
557	642	991
536	759	53
536	759	142
538	759	256
540	760	376
543	760	498
548	761	621
554	763	744
561	764	868
569	766	991
552	885	70
552	885	150
553	885	260
555	886	379
559	886	500
563	887	622
569	888	745
576	889	869
584	891	992
570	1011	87
570	1011	160
571	1012	265
573	1012	382
577	1012	502
581	1013	624
586	1014	747
593	1015	870
601	1016	993
621	47	0
620	48	121
621	53	245
623	60	369
626	70	493
630	82	617
635	96	741
641	111	865
648	127	990
621	143	0
621	144	121
622	145	245
624	149	369
627	153	493
631	160	617
636	167	741
642	176	866
649	187	990
623	260	4
623	261	123
624	262	246
626	263	370
629	266	494
633	269	618
638	274	742
644	279	866
651	286	990
627	384	11
627	384	126
628	384	248
630	385	371
633	387	494
637	389	618
642	392	742
648	396	866
655	400	990
633	508	21
633	508	130
634	509	250
636	510	372
639	511	495
643	512	619
647	514	743
653	517	866
660	520	990
641	634	35
641	634	135
642	634	252
644	635	374
647	636	496
650	637	620
655	638	743
661	640	867
668	643	991
651	760	52
651	760	142
652	760	256
654	761	376
657	761	498
660	762	621
665	763	744
671	765	868
677	767	991
663	886	70
664	886	150
665	886	260
666	886	379
669	887	500
672	888	622
677	889	745
682	890	869
689	892	992
678	1012	87
678	1012	159
679	1012	265
681	1013	382
683	1013	502
687	1014	624
691	1015	747
696	1016	870
703	1017	993
746	67	0
745	67	120
745	70	245
747	76	369
749	85	493
752	95	617
756	108	741
761	121	865
767	136	989
746	152	0
745	152	121
746	154	245
748	157	369
750	161	493
753	167	617
757	174	741
762	183	866
767	193	990
747	265	3
747	265	123
748	266	246
749	268	370
752	270	494
755	274	618
759	278	742
763	283	866
769	289	990
750	386	10
750	387	126
751	387	247
753	388	371
755	390	494
758	392	618
762	395	742
766	398	866
772	402	990
755	510	20
755	510	130
756	511	249
757	512	372
759	513	495
762	514	619
766	516	743
771	519	866
777	522	990
761	635	34
761	635	135
762	636	252
764	636	374
766	637	496
769	638	620
772	640	743
777	642	867
783	644	991
769	761	52
769	761	142
770	761	256
772	762	376
774	762	498
777	763	621
780	765	744
785	766	868
791	768	991
779	887	69
779	887	150
780	887	260
781	887	379
784	888	500
786	889	622
790	890	745
795	891	869
800	893	992
791	1013	86
791	1013	159
792	1013	265
793	1013	382
795	1014	502
798	1014	624
802	1015	747
806	1016	870
812	1018	993
872	87	0
869	85	120
870	88	245
871	93	369
873	101	493
875	110	617
879	121	741
883	133	865
887	147	989
870	162	0
870	161	121
870	163	245
872	166	369
873	170	493
876	176	617
879	183	741
883	191	865
888	201	990
871	270	2
871	270	122
872	271	246
873	273	370
875	276	494
877	279	618
880	283	742
884	288	866
889	294	990
873	390	9
874	390	125
874	391	247
876	392	371
877	393	494
880	395	618
883	398	742
887	402	866
892	406	990
877	513	19
877	513	129
878	513	249
879	514	372
881	515	495
884	517	619
887	519	743
891	521	866
895	524	990
882	637	34
883	637	135
883	638	252
885	638	374
886	639	496
889	640	620
892	642	743
896	644	867
901	646	991
889	762	51
889	762	142
890	763	256
891	763	376
893	764	498
895	765	621
899	766	744
902	768	868
907	769	991
897	888	69
898	888	150
898	888	260
899	889	379
901	889	500
904	890	622
907	891	745
911	892	869
915	894	992
907	1014	86
907	1014	159
908	1014	265
909	1014	382
911	1015	502
913	1015	624
916	1016	747
920	1017	870
925	1019	993
997	107	0
994	104	120
994	107	245
995	111	369
997	117	493
999	125	617
1001	135	741
1005	146	865
1009	159	989
996	174	0
994	172	120
995	174	245
996	177	369
997	180	493
999	186	617
1002	192	741
1005	200	865
1009	209	989
995	276	1
995	277	122
996	278	246
997	279	370
998	282	494
1000	285	618
1003	289	742
1006	294	866
1010	300	990
997	394	8
997	394	125
998	395	247
999	396	370
1000	397	494
1003	399	618
1005	402	742
1009	406	866
1013	410	990
1000	516	18
1001	516	129
1001	516	249
1002	517	372
1004	518	495
1006	520	619
1008	522	742
1012	524	866
1016	527	990
1005	639	33
1005	640	134
1006	640	252
1007	640	373
1008	641	496
1010	642	620
1013	644	743
1016	646	867
1020	648	991
1010	764	50
1011	764	141
1011	764	255
1012	765	376
1014	766	498
1016	767	621
1018	768	744
1022	769	868
1023	769	989
1017	889	68
1018	889	149
1018	890	260
1019	890	378
1021	891	500
1023	891	622
1023	890	744
1023	889	864
1023	887	983
1023	1012	85
1023	1012	158
1023	1012	264
1023	1011	380
1023	1010	499
1023	1009	619
1023	1007	739
1023	1005	858
1023	1003	976
