0	0	0
6	2	115
20	6	234
46	15	353
76	27	472
106	44	592
136	63	711
166	81	830
196	100	949
44	123	14
50	123	121
61	125	237
79	129	355
101	134	474
126	140	593
152	148	712
179	157	831
207	168	950
115	247	49
117	248	135
123	249	244
134	250	360
148	253	477
166	256	595
187	260	714
209	266	832
233	272	951
185	372	93
186	373	158
190	373	257
197	374	368
207	376	483
220	378	600
236	380	717
253	384	835
273	388	954
255	497	136
256	497	187
259	498	275
264	498	380
271	500	491
281	501	606
293	503	722
307	505	840
323	508	957
325	622	180
326	622	220
328	622	297
332	623	395
338	624	503
345	625	615
354	626	729
366	628	845
379	630	962
396	747	223
396	747	256
398	747	324
401	748	415
405	748	517
411	749	626
419	750	739
428	752	853
439	753	969
466	872	267
466	872	294
468	872	354
470	872	437
474	873	535
479	874	640
485	875	750
493	876	862
502	877	976
536	997	310
536	997	333
538	997	386
540	997	463
543	998	555
547	998	656
552	999	763
559	1000	873
567	1001	986
108	8	3
111	9	116
118	14	234
129	22	353
144	35	473
162	51	592
183	68	711
206	86	830
230	104	950
128	126	17
130	126	122
136	128	237
145	132	355
159	136	474
176	143	593
195	151	712
217	160	831
240	170	950
168	249	52
169	249	136
174	250	245
181	252	360
192	254	477
206	258	595
223	262	714
242	267	833
262	273	951
221	373	94
222	373	159
226	374	258
231	375	368
240	377	483
251	379	600
264	381	717
280	385	835
298	389	954
282	498	137
283	498	188
285	498	275
289	499	380
296	500	492
305	502	606
316	504	723
328	506	840
343	509	957
346	623	181
346	623	221
348	623	298
352	624	396
357	624	503
364	625	615
373	627	730
384	629	846
396	631	962
412	747	224
412	747	257
414	748	324
417	748	415
421	749	518
427	750	626
434	751	739
443	752	853
453	754	969
479	872	267
480	872	295
481	872	354
483	873	437
487	873	535
492	874	640
498	875	750
505	876	862
514	877	977
547	997	310
548	997	334
549	997	386
551	997	463
554	998	555
558	999	656
563	999	763
570	1000	873
577	1001	986
223	27	11
224	29	119
228	34	236
233	42	354
242	53	473
253	67	592
266	81	712
282	97	831
299	113	950
233	134	25
234	134	125
237	136	239
243	139	356
251	144	475
261	150	593
274	157	712
289	166	831
306	176	950
256	253	58
257	253	139
260	254	246
265	256	361
272	258	478
282	261	596
294	266	714
308	271	833
324	277	952
292	376	98
293	376	161
296	376	259
300	377	369
306	379	484
315	381	600
325	384	718
338	387	836
352	391	954
339	500	140
340	500	190
342	500	277
345	501	381
351	502	492
358	503	607
367	505	723
378	508	840
390	510	958
392	624	183
393	624	222
395	624	299
398	625	397
402	626	504
408	627	616
416	628	730
425	630	846
436	632	963
450	748	225
451	748	258
452	749	325
455	749	416
459	750	518
464	751	627
470	752	739
478	753	853
488	755	969
512	873	269
512	873	296
513	873	355
515	874	438
519	874	535
523	875	641
529	876	750
536	877	863
544	878	977
575	998	312
575	998	335
576	998	387
578	998	464
581	999	555
585	999	656
590	1000	763
596	1001	873
603	1002	986
338	60	24
339	61	125
341	64	239
345	70	356
350	78	475
357	89	593
366	101	712
377	114	831
390	128	950
344	147	38
345	147	131
347	149	242
351	152	358
356	156	476
363	161	594
372	168	713
382	177	832
395	186	951
359	260	68
360	260	144
362	261	249
365	262	363
370	265	479
377	268	597
386	272	715
396	277	834
408	283	952
385	380	105
385	380	166
387	381	262
390	382	371
395	383	485
401	385	601
409	388	718
418	391	836
430	395	955
419	503	145
420	503	193
421	503	279
424	504	383
428	505	494
434	506	608
441	508	724
450	511	841
460	513	958
462	626	186
462	626	225
464	627	301
466	627	398
470	628	505
475	629	617
481	630	731
489	632	847
498	634	963
510	750	229
511	750	261
512	750	327
514	751	417
517	752	519
522	752	628
528	754	740
535	755	854
543	757	970
564	874	271
564	874	298
565	875	357
567	875	440
570	876	537
574	876	641
579	877	751
585	878	863
593	880	977
620	999	314
621	999	337
622	999	389
623	999	465
626	1000	556
630	1000	657
634	1001	764
640	1002	874
646	1003	987
453	93	45
454	94	133
455	97	243
458	101	359
461	107	476
466	115	595
473	125	713
481	136	832
490	148	951
457	164	57
458	165	139
459	166	246
462	169	361
466	172	478
471	178	596
477	184	714
485	191	833
494	200	952
468	269	82
469	270	151
470	271	253
472	272	365
476	274	481
481	277	598
487	281	716
495	286	834
504	292	953
487	386	115
487	386	172
489	387	265
491	388	373
494	389	487
499	391	603
505	394	720
512	397	837
521	401	955
513	507	152
514	507	199
515	508	283
517	508	385
520	509	495
525	511	609
530	513	725
537	515	842
545	518	959
547	629	192
547	630	230
548	630	305
550	630	401
553	631	507
557	632	618
563	634	732
569	636	847
577	638	964
587	753	233
587	753	265
588	753	330
590	754	419
593	754	521
597	755	629
601	756	741
607	758	855
614	759	970
632	877	275
633	877	301
633	877	359
635	877	442
638	878	538
641	878	643
645	879	752
651	881	864
657	882	978
682	1001	317
682	1001	340
683	1001	391
685	1001	467
687	1002	558
690	1002	659
694	1003	765
699	1004	875
705	1005	987
568	127	67
568	128	144
569	130	249
571	133	363
574	138	479
578	144	597
583	152	715
589	161	833
597	171	952
571	185	77
572	186	149
573	187	252
575	190	364
577	193	480
581	197	598
586	203	716
592	210	834
600	218	953
579	282	97
580	283	161
581	283	259
583	285	369
586	287	484
589	290	600
594	294	718
600	298	836
607	303	954
594	395	127
594	395	180
595	395	271
597	396	377
600	398	489
603	400	604
608	402	721
614	405	839
621	409	956
614	513	162
615	513	206
616	514	287
618	514	388
620	515	498
624	517	611
628	519	726
634	521	843
641	524	960
642	634	199
642	634	236
643	635	309
645	635	404
647	636	509
650	637	620
655	638	733
660	640	849
666	642	965
675	757	239
675	757	270
676	757	334
677	757	423
680	758	523
683	759	631
687	760	742
692	761	856
698	763	971
713	880	280
713	880	306
714	880	363
716	880	444
718	881	540
721	881	644
724	882	753
729	884	865
735	885	979
756	1003	321
756	1003	344
757	1003	394
758	1004	469
760	1004	560
763	1005	660
767	1006	766
771	1007	876
776	1008	988
683	161	90
683	161	156
684	163	256
686	166	367
688	169	482
691	175	599
695	181	717
700	189	835
706	197	954
685	210	98
686	210	161
687	211	259
688	213	369
690	216	484
693	220	600
697	225	718
702	231	836
708	238	954
692	298	115
692	298	172
693	299	265
695	300	373
697	302	487
700	305	603
704	309	720
709	313	837
714	318	955
703	405	141
704	406	190
705	406	277
706	407	381
708	408	492
711	410	607
715	413	723
720	416	840
725	419	958
720	521	173
721	521	215
721	521	294
723	522	393
725	523	501
728	524	613
731	526	728
736	529	844
742	531	961
742	640	208
743	640	244
744	640	315
745	641	408
747	642	512
750	643	622
753	644	735
758	646	850
763	648	966
770	761	246
770	761	276
771	762	339
772	762	426
774	763	526
777	763	633
780	765	744
785	766	858
790	768	973
803	884	286
803	884	311
804	884	368
805	884	448
807	885	543
809	885	647
812	886	755
817	887	867
821	889	980
840	1007	326
840	1007	348
841	1007	399
842	1007	473
844	1007	563
846	1008	662
849	1009	768
853	1010	878
857	1011	990
798	195	113
798	195	171
799	196	265
800	198	373
802	202	486
804	206	602
808	211	719
812	218	837
817	225	955
800	236	119
800	236	175
801	237	267
802	239	375
804	242	488
806	245	603
810	250	720
814	255	838
819	262	956
805	316	134
806	316	185
806	317	274
807	318	379
809	320	491
812	323	606
815	326	722
819	330	839
824	335	957
815	418	157
815	418	202
816	419	285
817	420	387
819	421	496
821	423	610
824	425	726
828	428	842
833	432	960
829	530	186
829	530	225
830	531	301
831	531	398
832	532	505
835	534	616
838	536	731
842	538	846
846	540	963
847	647	219
848	647	253
848	648	321
849	648	413
851	649	516
853	650	625
856	651	738
860	653	852
865	655	968
871	767	255
871	767	284
871	767	346
873	768	431
874	768	530
877	769	636
879	770	747
883	772	860
887	773	974
899	888	294
899	888	318
899	889	373
900	889	453
902	889	547
904	890	649
907	891	757
911	892	869
915	894	982
931	1011	333
931	1011	355
932	1011	404
933	1011	477
934	1012	566
936	1012	665
939	1013	770
942	1014	879
946	1015	991
913	228	136
913	229	186
914	230	275
915	232	380
916	234	491
918	238	606
921	243	722
924	248	840
929	255	957
914	264	141
915	264	190
915	265	277
916	267	381
918	269	492
920	272	607
923	276	723
926	281	840
930	287	958
919	337	154
919	337	200
920	338	283
921	339	386
922	340	496
924	343	609
927	346	725
931	350	842
935	354	959
927	433	174
927	433	215
928	434	294
929	435	393
930	436	501
932	438	614
935	440	728
938	443	845
942	446	962
939	541	200
939	542	237
939	542	310
940	543	404
942	544	509
944	545	620
947	547	734
950	549	849
954	551	965
955	656	231
955	656	263
955	656	329
956	657	419
958	658	520
960	659	629
962	660	740
966	662	855
969	664	970
975	774	266
975	774	293
975	774	353
976	775	437
978	775	534
980	776	640
982	777	749
985	779	862
989	780	976
999	894	302
999	894	326
1000	894	380
1000	895	458
1002	895	551
1004	896	653
1006	897	760
1009	898	871
1013	899	984
1023	1011	339
1023	1011	360
1023	1011	408
1023	1010	479
1023	1010	566
1023	1008	663
1023	1007	765
1023	1005	870
1023	1003	976
